# Skill id,flag from rathena db/pre-re/skill_nocast_db.txt: 1 normal maps, 2 PvP, 4 GvG, 8 Battleground, 32 and up restricted zones.
2422,1
2423,1
2430,1
2455,1
1013,2
26,4
27,4
87,4
150,4
219,4
336,4
361,4
362,4
395,4
409,4
410,4
491,4
530,4
691,4
1013,4
2300,4
26,8
27,8
87,8
150,8
219,8
264,8
336,8
361,8
362,8
395,8
409,8
410,8
491,8
411,8
426,8
427,8
428,8
429,8
430,8
431,8
432,8
433,8
434,8
435,8
436,8
437,8
438,8
439,8
440,8
530,8
691,8
2300,8
488,3
3013,3
8,32
26,32
27,32
35,32
51,32
87,32
135,32
219,32
264,32
357,32
359,32
362,32
387,32
389,32
395,32
2300,32
2478,32
421,64
426,64
219,128
26,128
2300,128
426,256
290,256
12,512
26,512
219,512
361,512
691,512
2294,512
2300,512
26,1024
87,1024
219,1024
405,1024
674,1024
2294,1024
2300,1024
232,2048
233,2048
491,2048
1013,2048
2299,2048
2300,2048
2301,2048
2303,2048
2419,2048
2482,2048
2493,2048
